  1   0  -29553.9685      0.0000 
  1   1   -1668.0551   5078.5377 
  2   0   -2337.3233      0.0000 
  2   1    3047.6815  -2594.4431 
  2   2    1658.0715   -514.6927 
  3   0    1336.0692      0.0000 
  3   1   -2306.1890   -199.2134 
  3   2    1245.8883    269.7969 
  3   3     672.7763   -524.5460 
  4   0     920.5224      0.0000 
  4   1     798.0555    282.0640 
  4   2     210.5998   -225.2405 
  4   3    -379.9165    144.8814 
  4   4     100.2613   -305.3765 
  5   0    -226.8568      0.0000 
  5   1     354.4695     42.7637 
  5   2     209.1533    180.2855 
  5   3    -136.5774   -123.4102 
  5   4    -168.0102    -19.5471 
  5   5     -13.4357    103.8962 
  6   0      73.6560      0.0000 
  6   1      69.4911    -20.3127 
  6   2      76.7676     54.7854 
  6   3    -151.3011     63.6492 
  6   4     -14.6048    -63.5728 
  6   5      14.5504      0.3082 
  6   6     -86.2685     50.9096 
  7   0      79.8990      0.0000 
  7   1     -74.4164    -61.2099 
  7   2      -1.6501    -22.5997 
  7   3      38.7225      6.8146 
  7   4      12.2798     25.3652 
  7   5       9.3641     10.9078 
  7   6       5.3716    -26.2969 
  7   7       1.9706     -4.6598 
  8   0      24.8841      0.0000 
  8   1       7.5803     11.2020 
  8   2     -11.7171    -20.8427 
  8   3      -6.8680      9.8512 
  8   4     -18.0945    -19.7177 
  8   5      10.1593     16.2344 
  8   6       9.3675      7.6119 
  8   7     -11.2836    -12.7819 
  8   8      -4.8791     -0.0591 
  9   0       5.6354      0.0000 
  9   1       9.7780    -20.1249 
  9   2       3.5875     12.6837 
  9   3      -6.9574     12.6691 
  9   4       5.0070     -6.7219 
  9   5     -10.7679     -8.1692 
  9   6      -1.2720      8.1010 
  9   7       8.7673      2.9335 
  9   8      -6.6654     -7.7372 
  9   9      -9.1959      5.9885 
 10   0      -2.1312      0.0000 
 10   1      -6.1377      2.2055 
 10   2       1.4130      0.1239 
 10   3      -2.3711      4.4878 
 10   4      -0.1350      4.7699 
 10   5       3.0515     -6.5889 
 10   6       0.2822     -1.0179 
 10   7       2.0437     -3.4767 
 10   8       3.7612     -0.8663 
 10   9      -0.2088     -2.3214 
 10  10      -2.0984     -7.9527 
 11   0       2.9894      0.0000 
 11   1      -1.6143      0.2827 
 11   2      -1.8478      1.4572 
 11   3       1.4285     -0.7613 
 11   4      -0.3112     -2.2666 
 11   5       0.2787      0.8989 
 11   6      -0.7971     -0.5864 
 11   7       0.5066     -2.6862 
 11   8       1.7984     -1.0665 
 11   9       0.1635     -1.5862 
 11  10       0.9542     -1.8828 
 11  11       3.9918     -1.4238 
 12   0      -2.1835      0.0000 
 12   1      -0.2965     -0.4810 
 12   2       0.2106      0.1991 
 12   3       0.8539      2.3796 
 12   4      -0.3726     -2.6149 
 12   5       0.9612      0.6231 
 12   6      -0.2997      0.3952 
 12   7       0.4611      0.0252 
 12   8      -0.3562     -0.0032 
 12   9      -0.3596      0.2810 
 12  10       0.0838     -0.8715 
 12  11      -0.5103     -0.3541 
 12  12      -0.0760      0.8958 
 13   0      -0.1437      0.0000 
 13   1      -0.9098     -0.7119 
 13   2       0.3266      0.3746 
 13   3       0.2993      1.7230 
 13   4      -0.4237     -0.5549 
 13   5       1.1834     -1.0642 
 13   6      -0.3753     -0.0379 
 13   7       0.7591      0.6229 
 13   8      -0.2680      0.2228 
 13   9       0.3643      0.5258 
 13  10      -0.0475      0.3899 
 13  11       0.4121     -0.2314 
 13  12      -0.0908     -0.5733 
 13  13      -0.1808     -0.7986 
 14   0      -0.4085      0.0000 
 14   1       0.2841      0.4591 
 14   2      -0.1539     -0.7290 
 14   3      -0.2176      0.3410 
 14   4      -0.1354      0.4437 
 14   5       0.2143     -0.0684 
 14   6      -0.0644      0.3550 
 14   7      -0.1274      0.2963 
 14   8       0.2575      0.2246 
 14   9      -0.0308      0.3581 
 14  10       0.6375      0.1993 
 14  11      -0.3697      0.0587 
 14  12       0.2901      0.1534 
 14  13       0.2759     -0.2071 
 14  14       0.1997     -0.3502 
 15   0       0.1992      0.0000 
 15   1       0.4316      0.6118 
 15   2       0.0816      0.0950 
 15   3       0.4879      0.1998 
 15   4      -0.0612      0.0300 
 15   5       0.0973      0.0025 
 15   6      -0.1162      0.0685 
 15   7      -0.1473      0.2709 
 15   8       0.1462     -0.1982 
 15   9      -0.2660      0.0973 
 15  10      -0.2077     -0.0096 
 15  11       0.2462     -0.0918 
 15  12      -0.0158     -0.3231 
 15  13      -0.1234      0.1973 
 15  14       0.1148      0.0341 
 15  15      -0.2074     -0.0627 
 16   0      -0.1348      0.0000 
 16   1       0.1209      0.3039 
 16   2      -0.3383      0.1163 
 16   3       0.0663      0.2238 
 16   4      -0.0388     -0.0643 
 16   5       0.0304     -0.0949 
 16   6       0.0967     -0.0588 
 16   7      -0.0248     -0.0872 
 16   8       0.2044      0.0012 
 16   9      -0.1968     -0.0031 
 16  10       0.2232     -0.1379 
 16  11       0.2010     -0.0341 
 16  12       0.0357     -0.1205 
 16  13      -0.1025     -0.1318 
 16  14      -0.1206      0.2128 
 16  15      -0.0166     -0.0180 
 16  16      -0.0545     -0.1798 
 17   0      -0.0251      0.0000
 17   1       0.0067      0.0823
 17   2      -0.0343     -0.2311
 17   3       0.3498     -0.0396
 17   4       0.2355     -0.1212
 17   5      -0.0075     -0.2255
 17   6       0.0392     -0.0365
 17   7      -0.0686     -0.2943
 17   8       0.1571      0.0218
 17   9       0.0924     -0.0525
 17  10       0.0009     -0.0609
 17  11      -0.1505      0.1326
 17  12      -0.1264      0.1214
 17  13       0.0258     -0.0451
 17  14       0.0271     -0.0577
 17  15       0.0032      0.1168
 17  16       0.0543     -0.3348
 17  17      -0.1536     -0.0134
 18   0       0.2239      0.0000
 18   1       0.0807      0.0197
 18   2       0.0205      0.1202
 18   3       0.1874     -0.0840
 18   4      -0.0687      0.0771
 18   5       0.0655     -0.0357
 18   6       0.1917      0.0932
 18   7      -0.0359     -0.2093
 18   8       0.0448     -0.1290
 18   9      -0.0539     -0.1279
 18  10       0.1170      0.1550
 18  11      -0.0143      0.1109
 18  12      -0.0633     -0.1260
 18  13      -0.0401     -0.0483
 18  14       0.0005      0.1387
 18  15       0.0375     -0.0569
 18  16      -0.0058      0.0662
 18  17       0.1639     -0.0245
 18  18      -0.0282      0.1049
 19   0      -0.0301      0.0000
 19   1       0.4099      0.1082
 19   2      -0.1262      0.0097
 19   3       0.0958     -0.0177
 19   4       0.0711      0.1043
 19   5       0.0639     -0.3373
 19   6      -0.0075     -0.0116
 19   7       0.1227     -0.1654
 19   8      -0.0061     -0.0187
 19   9       0.1047     -0.0440
 19  10      -0.0770      0.0909
 19  11       0.0318      0.1726
 19  12      -0.0918      0.0125
 19  13      -0.0067      0.0656
 19  14       0.0822     -0.1140
 19  15       0.1306      0.0996
 19  16       0.0616     -0.0329
 19  17      -0.0324      0.0050
 19  18       0.0806     -0.0815
 19  19      -0.0492     -0.0221
 20   0      -0.0484      0.0000
 20   1       0.2397     -0.0079
 20   2      -0.1250      0.1930
 20   3       0.1974      0.0884
 20   4      -0.1787     -0.3448
 20   5       0.3141      0.0479
 20   6       0.2267      0.0997
 20   7      -0.0875      0.1287
 20   8      -0.0222     -0.1721
 20   9       0.0598     -0.1779
 20  10       0.0549     -0.0548
 20  11      -0.1561      0.0272
 20  12      -0.0156      0.0012
 20  13      -0.0744      0.0220
 20  14       0.0651     -0.1427
 20  15       0.0012      0.0349
 20  16       0.0303      0.0642
 20  17      -0.0131      0.0494
 20  18      -0.1452      0.1680
 20  19       0.0499      0.0196
 20  20      -0.0062     -0.0852
 21   0      -0.1507      0.0000
 21   1       0.0367      0.4150
 21   2      -0.1281      0.0449
 21   3       0.1543      0.1845
 21   4      -0.0416      0.0832
 21   5       0.2071     -0.2072
 21   6      -0.1051      0.0979
 21   7       0.0164     -0.1370
 21   8      -0.1396     -0.1601
 21   9       0.0665     -0.1420
 21  10      -0.0964     -0.0632
 21  11       0.0718      0.0045
 21  12      -0.0317     -0.1973
 21  13      -0.0554      0.0162
 21  14       0.0574     -0.0541
 21  15       0.0214     -0.0588
 21  16       0.0537     -0.1406
 21  17      -0.0807     -0.0962
 21  18      -0.0798      0.0800
 21  19       0.0083      0.0004
 21  20       0.1788     -0.1267
 21  21       0.2017     -0.1779
 22   0       0.0831      0.0000
 22   1      -0.0552      0.1113
 22   2      -0.1007     -0.0793
 22   3       0.0656      0.3526
 22   4      -0.1314      0.0866
 22   5      -0.0053     -0.0203
 22   6       0.0748     -0.0605
 22   7      -0.1796     -0.0183
 22   8       0.0125     -0.2011
 22   9      -0.1361     -0.0272
 22  10       0.1863      0.0957
 22  11      -0.0694     -0.2183
 22  12      -0.1232     -0.1252
 22  13      -0.0221      0.0854
 22  14       0.1181     -0.0274
 22  15      -0.0577     -0.1751
 22  16       0.0831     -0.1234
 22  17      -0.0624      0.0391
 22  18      -0.1471      0.0205
 22  19       0.0172      0.0109
 22  20       0.0046      0.0549
 22  21       0.0612      0.0671
 22  22       0.1117      0.0812
 23   0       0.1946      0.0000
 23   1       0.1117      0.2569
 23   2      -0.2666      0.1447
 23   3       0.2150      0.1524
 23   4       0.0211     -0.1628
 23   5      -0.1670      0.0546
 23   6       0.0071      0.0238
 23   7      -0.0310     -0.1239
 23   8      -0.1879     -0.1280
 23   9      -0.2203     -0.0232
 23  10       0.1734     -0.0369
 23  11       0.1232      0.1545
 23  12       0.1710     -0.0826
 23  13      -0.2434     -0.0684
 23  14      -0.0439      0.2469
 23  15       0.0490     -0.0292
 23  16       0.1656      0.0037
 23  17       0.0207      0.0450
 23  18       0.0211      0.0141
 23  19       0.0046      0.0805
 23  20       0.1827     -0.0122
 23  21       0.1258     -0.1735
 23  22       0.0510     -0.0681
 23  23       0.0958      0.0413
 24   0       0.0171      0.0000
 24   1      -0.0432     -0.0282
 24   2       0.2816     -0.0908
 24   3       0.0491      0.0141
 24   4       0.0103     -0.1018
 24   5      -0.0741      0.0406
 24   6       0.1850      0.0974
 24   7       0.0570      0.1149
 24   8       0.2805      0.1543
 24   9      -0.0888     -0.2124
 24  10       0.0272      0.1513
 24  11       0.2163      0.1985
 24  12       0.1489      0.0554
 24  13       0.1156      0.0301
 24  14      -0.0655     -0.0180
 24  15      -0.0571      0.0065
 24  16       0.1211      0.1446
 24  17       0.0640      0.0821
 24  18      -0.0562      0.0260
 24  19       0.0186      0.1015
 24  20      -0.1224      0.0882
 24  21       0.0105      0.0513
 24  22      -0.0019      0.0768
 24  23       0.0059     -0.0014
 24  24      -0.0099      0.0045
 25   0       0.1667      0.0000
 25   1       0.0786      0.1482
 25   2      -0.0076     -0.2593
 25   3       0.1779      0.2278
 25   4       0.1216      0.1548
 25   5      -0.0330     -0.0038
 25   6       0.1349     -0.0656
 25   7      -0.1745      0.2172
 25   8      -0.0244      0.1975
 25   9       0.0879      0.2481
 25  10       0.1234     -0.0737
 25  11       0.0005      0.0493
 25  12       0.1670      0.2885
 25  13       0.2135      0.0834
 25  14      -0.1067      0.0128
 25  15       0.0046     -0.1282
 25  16       0.0964     -0.1067
 25  17      -0.0021      0.2483
 25  18       0.2482      0.0562
 25  19       0.0367     -0.0571
 25  20      -0.0557     -0.0845
 25  21      -0.0410     -0.0935
 25  22       0.0300     -0.0145
 25  23      -0.1626     -0.0643
 25  24      -0.0304     -0.0107
 25  25       0.0874      0.0189
 26   0       0.1952      0.0000
 26   1       0.1935     -0.1066
 26   2      -0.1377     -0.3037
 26   3      -0.0192      0.1568
 26   4      -0.0036      0.2207
 26   5      -0.1501      0.0526
 26   6      -0.1057     -0.2086
 26   7       0.2049      0.1051
 26   8       0.0217      0.0540
 26   9       0.1825     -0.0068
 26  10      -0.1149     -0.0356
 26  11       0.1227      0.1600
 26  12       0.2803      0.0070
 26  13      -0.1532     -0.0421
 26  14      -0.1353     -0.0867
 26  15       0.1353     -0.0467
 26  16       0.1314     -0.2220
 26  17       0.0129      0.0311
 26  18       0.0366      0.0669
 26  19       0.1214     -0.0904
 26  20      -0.0172     -0.0492
 26  21      -0.0364     -0.0774
 26  22       0.0399      0.1086
 26  23      -0.0268      0.0163
 26  24       0.0314     -0.0957
 26  25       0.0568     -0.1738
 26  26      -0.0215      0.1015
 27   0       0.2528      0.0000
 27   1       0.0959      0.2584
 27   2      -0.0752     -0.2050
 27   3       0.2010      0.0032
 27   4      -0.1462      0.1268
 27   5      -0.0923      0.1349
 27   6       0.0932     -0.1860
 27   7       0.0370     -0.1026
 27   8      -0.0571     -0.0128
 27   9       0.0517      0.2746
 27  10       0.0540     -0.0626
 27  11       0.0956     -0.0043
 27  12       0.1105     -0.1700
 27  13       0.0321      0.0261
 27  14       0.1114     -0.0838
 27  15       0.0019     -0.0188
 27  16       0.0589      0.0294
 27  17       0.0565     -0.0002
 27  18       0.1207     -0.0214
 27  19      -0.1020     -0.0816
 27  20      -0.0033     -0.0899
 27  21      -0.0905     -0.1472
 27  22      -0.0988      0.0201
 27  23      -0.0014      0.0573
 27  24      -0.0269      0.0395
 27  25      -0.0779      0.0878
 27  26       0.1369      0.0499
 27  27      -0.0368     -0.0170
 28   0      -0.1153      0.0000
 28   1       0.2105      0.1297
 28   2      -0.0804     -0.1774
 28   3      -0.1228      0.0444
 28   4       0.1353     -0.0107
 28   5       0.0858     -0.0311
 28   6      -0.1674     -0.0668
 28   7       0.0808      0.2373
 28   8       0.1253     -0.1846
 28   9      -0.0643      0.1335
 28  10       0.0224      0.0319
 28  11       0.0930     -0.0183
 28  12      -0.0383     -0.0203
 28  13       0.0532     -0.0419
 28  14       0.1418     -0.0515
 28  15       0.0317      0.0879
 28  16       0.0399     -0.0800
 28  17       0.0201      0.0358
 28  18      -0.0402      0.1311
 28  19       0.0790     -0.0596
 28  20      -0.1642     -0.1611
 28  21      -0.0855      0.0687
 28  22       0.0702      0.0842
 28  23       0.1219      0.0437
 28  24       0.0443      0.0058
 28  25       0.0584     -0.0601
 28  26      -0.0196     -0.0983
 28  27      -0.0131      0.0064
 28  28      -0.0243      0.1322
 29   0       0.0262      0.0000
 29   1       0.1154     -0.1361
 29   2       0.1266     -0.0018
 29   3       0.2294      0.1169
 29   4       0.0856     -0.0353
 29   5       0.0595      0.0592
 29   6      -0.0515     -0.1664
 29   7      -0.1095     -0.0769
 29   8       0.1049     -0.1350
 29   9       0.0149      0.1856
 29  10      -0.0807     -0.0563
 29  11       0.0147      0.0747
 29  12       0.1252      0.0783
 29  13       0.1159     -0.0391
 29  14       0.0199     -0.2162
 29  15      -0.0319      0.0962
 29  16       0.1711     -0.0165
 29  17       0.0752     -0.0879
 29  18      -0.0757      0.1262
 29  19      -0.0122      0.0947
 29  20      -0.0193     -0.0556
 29  21      -0.0486      0.0487
 29  22      -0.0536      0.0989
 29  23      -0.0053      0.0209
 29  24      -0.0490     -0.0216
 29  25      -0.0499      0.0456
 29  26      -0.0088      0.0386
 29  27      -0.2021     -0.0145
 29  28       0.0568      0.0261
 29  29      -0.0428     -0.0379
 30   0       0.0727      0.0000
 30   1      -0.0529      0.1265
 30   2       0.1487     -0.0875
 30   3      -0.3728     -0.0694
 30   4      -0.0844      0.0970
 30   5       0.2204     -0.2523
 30   6      -0.0388     -0.2127
 30   7       0.0414      0.0659
 30   8       0.2047     -0.2219
 30   9       0.1428      0.0566
 30  10       0.0419      0.0425
 30  11       0.0949     -0.0714
 30  12       0.0349     -0.1235
 30  13       0.1994      0.1257
 30  14       0.0574      0.0118
 30  15       0.0063     -0.0756
 30  16       0.0001     -0.0223
 30  17       0.1273      0.0142
 30  18      -0.0151      0.0267
 30  19      -0.0878      0.1704
 30  20      -0.0115      0.0611
 30  21       0.0073      0.0252
 30  22      -0.0516      0.0411
 30  23       0.0380      0.0844
 30  24       0.0928      0.0346
 30  25       0.0542     -0.0886
 30  26      -0.0531     -0.1389
 30  27       0.0573     -0.0786
 30  28      -0.0226     -0.1152
 30  29       0.0302      0.1202
 30  30      -0.0240      0.1198
 31   0      -0.0092      0.0000
 31   1       0.0930     -0.0477
 31   2       0.1500     -0.1887
 31   3      -0.0125     -0.0285
 31   4       0.1120      0.0001
 31   5       0.1314     -0.0752
 31   6      -0.0065     -0.1786
 31   7      -0.0762      0.0225
 31   8      -0.0142     -0.1301
 31   9      -0.0703      0.1670
 31  10      -0.0601      0.0177
 31  11       0.0138     -0.0595
 31  12       0.0623     -0.0690
 31  13       0.2497     -0.0144
 31  14      -0.0806     -0.0111
 31  15      -0.2144      0.0928
 31  16       0.1569      0.0346
 31  17       0.0045     -0.0457
 31  18      -0.0975      0.0281
 31  19      -0.0487      0.1460
 31  20      -0.1135      0.0130
 31  21       0.0062     -0.0624
 31  22      -0.0291     -0.0937
 31  23      -0.0428     -0.2427
 31  24      -0.1170     -0.0727
 31  25      -0.0364      0.0651
 31  26      -0.0051      0.0551
 31  27       0.0107      0.0210
 31  28      -0.0457      0.0227
 31  29      -0.0272      0.0383
 31  30      -0.0127      0.0985
 31  31      -0.0080     -0.0306
 32   0      -0.0867      0.0000
 32   1       0.0746      0.0538
 32   2      -0.0263     -0.0073
 32   3      -0.1126     -0.0316
 32   4      -0.1184     -0.0401
 32   5       0.0130      0.0604
 32   6      -0.1317     -0.0115
 32   7       0.0303     -0.0729
 32   8      -0.0721     -0.1309
 32   9      -0.1834     -0.0048
 32  10      -0.0027     -0.0546
 32  11       0.0336     -0.0487
 32  12      -0.0031     -0.1730
 32  13      -0.0153     -0.1771
 32  14       0.0719      0.0276
 32  15      -0.2022     -0.0497
 32  16      -0.0900      0.0654
 32  17       0.0805      0.0370
 32  18      -0.0498     -0.0891
 32  19      -0.2163     -0.0556
 32  20      -0.2320      0.2139
 32  21       0.1362     -0.0679
 32  22       0.0860     -0.1569
 32  23      -0.0404     -0.0905
 32  24      -0.0424     -0.1295
 32  25       0.0320      0.0735
 32  26       0.1347      0.0324
 32  27       0.1078     -0.1120
 32  28      -0.0156     -0.1048
 32  29       0.0595      0.0234
 32  30      -0.0032      0.0663
 32  31      -0.0582      0.0667
 32  32      -0.0368      0.1399
 33   0       0.0449      0.0000
 33   1      -0.1821      0.0778
 33   2       0.0601      0.0379
 33   3      -0.0892     -0.0013
 33   4      -0.0114      0.0109
 33   5       0.1160     -0.2496
 33   6      -0.0439      0.0072
 33   7      -0.1881      0.0223
 33   8      -0.0670      0.0030
 33   9      -0.0439     -0.1405
 33  10      -0.0221      0.0874
 33  11      -0.0100      0.0055
 33  12      -0.0481      0.0580
 33  13       0.1277     -0.0272
 33  14       0.0534     -0.2228
 33  15      -0.0692     -0.0087
 33  16      -0.0899      0.0788
 33  17       0.0548     -0.0233
 33  18       0.0319     -0.0216
 33  19      -0.0756      0.0649
 33  20      -0.2497     -0.0313
 33  21       0.0055     -0.0500
 33  22       0.1226     -0.0410
 33  23      -0.0106     -0.1082
 33  24      -0.0592     -0.1011
 33  25      -0.1089     -0.0482
 33  26      -0.1330      0.1101
 33  27       0.0955      0.1485
 33  28       0.1898      0.0152
 33  29       0.0652      0.0889
 33  30      -0.0522      0.1160
 33  31       0.0046     -0.0131
 33  32      -0.1130      0.0186
 33  33      -0.0526      0.0155
 34   0      -0.2237      0.0000
 34   1      -0.0183      0.0936
 34   2      -0.0995     -0.1157
 34   3       0.0692      0.1555
 34   4      -0.0799      0.0042
 34   5      -0.0325     -0.0678
 34   6       0.0858      0.0476
 34   7      -0.0030      0.0454
 34   8      -0.0781      0.0134
 34   9      -0.0793     -0.0012
 34  10       0.1125      0.0559
 34  11      -0.0454     -0.1763
 34  12       0.0066      0.0386
 34  13       0.0763      0.0535
 34  14      -0.0882      0.1904
 34  15       0.1198     -0.0235
 34  16      -0.0421      0.0019
 34  17      -0.1538      0.0969
 34  18       0.0810     -0.0938
 34  19      -0.0778     -0.0008
 34  20      -0.2190      0.0161
 34  21      -0.1045     -0.2142
 34  22       0.1413      0.0907
 34  23      -0.0510      0.0444
 34  24      -0.0188      0.0239
 34  25       0.0085     -0.0070
 34  26      -0.0036      0.0310
 34  27       0.0624      0.0344
 34  28      -0.0419     -0.0104
 34  29      -0.0188      0.0805
 34  30      -0.0071      0.0483
 34  31      -0.1237     -0.0629
 34  32      -0.0323      0.0711
 34  33      -0.0051     -0.0175
 34  34      -0.1057      0.0352
 35   0       0.0639      0.0000
 35   1       0.0079      0.1178
 35   2      -0.0182     -0.0522
 35   3      -0.0576     -0.0324
 35   4      -0.0102      0.1273
 35   5       0.0133     -0.0840
 35   6       0.0542     -0.0158
 35   7       0.0803      0.0283
 35   8      -0.2320      0.1094
 35   9      -0.1529     -0.0692
 35  10       0.1275      0.0441
 35  11       0.0565      0.0232
 35  12       0.1373      0.0723
 35  13       0.0291     -0.1028
 35  14       0.0089      0.1102
 35  15      -0.0358      0.0661
 35  16       0.0517     -0.0637
 35  17      -0.0218     -0.1042
 35  18      -0.1468     -0.0526
 35  19      -0.0987      0.0483
 35  20      -0.1951      0.1190
 35  21       0.0390     -0.1940
 35  22       0.0971     -0.1617
 35  23       0.0440      0.0808
 35  24       0.0306      0.0921
 35  25       0.0876      0.0027
 35  26       0.0374     -0.0820
 35  27      -0.0260      0.0333
 35  28      -0.0034      0.0138
 35  29      -0.0611      0.0381
 35  30       0.0911      0.1270
 35  31       0.1212     -0.2085
 35  32      -0.0181     -0.0296
 35  33      -0.0005     -0.0732
 35  34       0.0001      0.0603
 35  35      -0.1194      0.0112
 36   0       0.1035      0.0000
 36   1       0.0631      0.0884
 36   2      -0.1028      0.0419
 36   3      -0.0943      0.0845
 36   4       0.0419      0.0010
 36   5      -0.0327      0.1325
 36   6       0.1251     -0.0939
 36   7      -0.0361     -0.0719
 36   8      -0.0380      0.1955
 36   9       0.0112     -0.0063
 36  10      -0.0980      0.0138
 36  11       0.1103     -0.0376
 36  12       0.1081      0.0557
 36  13       0.0901     -0.0330
 36  14       0.0317     -0.0813
 36  15      -0.0412      0.0083
 36  16       0.0135      0.0282
 36  17       0.0967     -0.1282
 36  18       0.0437     -0.0483
 36  19      -0.0692      0.0746
 36  20      -0.1328      0.0661
 36  21      -0.0738     -0.1210
 36  22       0.0353     -0.1020
 36  23       0.0820     -0.0605
 36  24      -0.0544      0.0003
 36  25       0.0587      0.1259
 36  26      -0.0005      0.0501
 36  27       0.0364      0.0308
 36  28       0.1003     -0.0814
 36  29      -0.0978     -0.0759
 36  30      -0.1282      0.1391
 36  31       0.0132     -0.0114
 36  32       0.0341      0.0407
 36  33       0.0044      0.1350
 36  34       0.0207      0.0583
 36  35      -0.0236      0.0537
 36  36      -0.0183      0.0231
 37   0       0.0626      0.0000
 37   1      -0.1481      0.1152
 37   2       0.1488     -0.1762
 37   3       0.0152      0.0122
 37   4       0.0091      0.0478
 37   5      -0.0729      0.0608
 37   6      -0.2148      0.0268
 37   7       0.1669      0.1238
 37   8      -0.0340      0.0705
 37   9      -0.1598     -0.0009
 37  10      -0.0302      0.1122
 37  11      -0.0512     -0.0262
 37  12       0.2057      0.2084
 37  13       0.0598     -0.1224
 37  14      -0.0682      0.0044
 37  15       0.1256      0.0868
 37  16       0.0219     -0.0650
 37  17       0.0115     -0.1256
 37  18      -0.0307     -0.1104
 37  19       0.1151      0.1110
 37  20      -0.0249     -0.0759
 37  21      -0.0781     -0.0082
 37  22       0.0898      0.0409
 37  23       0.0575     -0.1396
 37  24       0.0677      0.0637
 37  25       0.0904     -0.0946
 37  26      -0.1302      0.0036
 37  27       0.0338      0.0561
 37  28       0.0072     -0.0586
 37  29      -0.0443     -0.0339
 37  30       0.0234      0.0362
 37  31       0.0663     -0.0577
 37  32       0.0766     -0.1122
 37  33      -0.0161      0.0254
 37  34       0.0764     -0.1107
 37  35      -0.1419      0.0100
 37  36      -0.1142      0.0485
 37  37      -0.0485      0.0249
 38   0      -0.0032      0.0000
 38   1       0.0455     -0.0201
 38   2       0.0779     -0.1053
 38   3       0.0123      0.1404
 38   4      -0.0997     -0.0955
 38   5       0.0336     -0.1321
 38   6       0.0831      0.0333
 38   7       0.0643     -0.0355
 38   8      -0.0875      0.0842
 38   9       0.1764     -0.0367
 38  10      -0.1188     -0.0703
 38  11       0.1074      0.1153
 38  12      -0.0355      0.0815
 38  13      -0.0657      0.1145
 38  14      -0.0167      0.0484
 38  15       0.0631     -0.0610
 38  16      -0.0128     -0.0851
 38  17      -0.0634      0.0684
 38  18       0.2129     -0.0099
 38  19       0.0691     -0.0430
 38  20      -0.0500      0.1167
 38  21       0.0523     -0.1489
 38  22      -0.0337     -0.0061
 38  23       0.0798     -0.0845
 38  24       0.1287     -0.0604
 38  25       0.0987     -0.0273
 38  26      -0.1237     -0.0642
 38  27      -0.1559      0.0974
 38  28       0.0637      0.0379
 38  29       0.0342     -0.0513
 38  30       0.0316     -0.0272
 38  31       0.0001     -0.0594
 38  32      -0.0255      0.0186
 38  33      -0.0447      0.1740
 38  34       0.0519      0.1845
 38  35       0.1592      0.0184
 38  36       0.0358     -0.0412
 38  37       0.0707     -0.1041
 38  38      -0.0466     -0.0341
 39   0       0.0290      0.0000
 39   1       0.0741      0.1215
 39   2      -0.0684     -0.1434
 39   3      -0.0319     -0.0134
 39   4      -0.1140     -0.0099
 39   5       0.1890      0.0412
 39   6       0.0849     -0.0416
 39   7       0.1859     -0.1441
 39   8       0.0032      0.3148
 39   9       0.0730      0.0919
 39  10      -0.2076      0.1353
 39  11       0.0316     -0.0402
 39  12       0.0672      0.1149
 39  13      -0.0483      0.0070
 39  14       0.0035      0.0434
 39  15       0.1256      0.0543
 39  16       0.0915      0.0848
 39  17       0.1049      0.0991
 39  18      -0.0490     -0.0009
 39  19       0.0879      0.1649
 39  20       0.0006      0.0619
 39  21      -0.1179     -0.1241
 39  22      -0.0408     -0.1357
 39  23       0.0865     -0.1491
 39  24       0.0950     -0.0862
 39  25       0.0370      0.0973
 39  26       0.0962     -0.0434
 39  27      -0.0697      0.0992
 39  28      -0.0123     -0.0155
 39  29      -0.1459     -0.0548
 39  30       0.0396      0.1681
 39  31       0.0345     -0.0477
 39  32       0.0496     -0.0593
 39  33      -0.0303     -0.0496
 39  34      -0.1206     -0.0370
 39  35      -0.0663      0.0797
 39  36       0.0014      0.0567
 39  37       0.0360      0.0168
 39  38      -0.0171      0.0208
 39  39      -0.0042     -0.0127
 40   0      -0.0523      0.0000
 40   1       0.2671     -0.0156
 40   2      -0.0439     -0.1745
 40   3      -0.0687     -0.0245
 40   4      -0.0479      0.1466
 40   5       0.1809      0.1265
 40   6      -0.0818      0.0812
 40   7       0.0294     -0.0673
 40   8       0.0475      0.1490
 40   9      -0.0424      0.0486
 40  10      -0.2562     -0.0189
 40  11       0.0730     -0.0025
 40  12       0.0128      0.0313
 40  13      -0.2258      0.0181
 40  14       0.0249      0.2757
 40  15       0.1248      0.1268
 40  16      -0.0427      0.2299
 40  17      -0.0306     -0.0028
 40  18      -0.0710      0.0285
 40  19       0.1128      0.1193
 40  20      -0.1512      0.0863
 40  21       0.1029      0.0460
 40  22       0.0588     -0.1741
 40  23      -0.1531     -0.0171
 40  24       0.0650     -0.0021
 40  25      -0.0118      0.0639
 40  26       0.0657      0.0508
 40  27       0.0055     -0.0243
 40  28       0.0324     -0.0287
 40  29      -0.0964     -0.0101
 40  30      -0.0227      0.0854
 40  31       0.1531      0.0999
 40  32       0.0536     -0.0668
 40  33      -0.0605      0.0836
 40  34      -0.0041      0.0506
 40  35       0.0802     -0.0869
 40  36      -0.0029     -0.0026
 40  37      -0.0340      0.0551
 40  38       0.0106     -0.0533
 40  39      -0.0154     -0.0821
 40  40      -0.0364      0.0363
 41   0       0.1327      0.0000
 41   1       0.0300      0.0347
 41   2       0.0216      0.0717
 41   3      -0.0436     -0.0702
 41   4      -0.2412      0.0760
 41   5       0.0598     -0.0006
 41   6      -0.1934     -0.1107
 41   7       0.1175     -0.0206
 41   8       0.0596     -0.1930
 41   9       0.0420      0.0529
 41  10      -0.0772      0.0012
 41  11       0.1047     -0.0613
 41  12       0.0840      0.1606
 41  13      -0.0114      0.1018
 41  14      -0.0785      0.1065
 41  15       0.0014      0.1027
 41  16      -0.1107     -0.0215
 41  17      -0.0337      0.1475
 41  18       0.0270     -0.0223
 41  19       0.0193      0.0337
 41  20      -0.0372      0.0881
 41  21      -0.0713      0.0015
 41  22       0.1031      0.1242
 41  23       0.0679     -0.0041
 41  24       0.1293      0.0078
 41  25      -0.0793      0.0145
 41  26      -0.1220      0.1497
 41  27      -0.0073      0.0076
 41  28      -0.0222     -0.0308
 41  29       0.0437     -0.0220
 41  30      -0.0414      0.0197
 41  31      -0.0196      0.0498
 41  32       0.0380     -0.0348
 41  33      -0.0090      0.0035
 41  34       0.0372     -0.0560
 41  35      -0.0903      0.0492
 41  36       0.0105     -0.0457
 41  37      -0.1096      0.0251
 41  38      -0.0409      0.0348
 41  39       0.0403      0.0454
 41  40       0.0256     -0.0365
 41  41      -0.0620     -0.0202
 42   0      -0.0134      0.0000
 42   1      -0.1126      0.0585
 42   2      -0.0045     -0.1907
 42   3      -0.1833     -0.0508
 42   4       0.1061     -0.0626
 42   5       0.1358     -0.1463
 42   6       0.0591      0.0180
 42   7       0.1772      0.1013
 42   8       0.0942      0.0460
 42   9       0.2307      0.0413
 42  10      -0.1039      0.1182
 42  11       0.0563      0.0621
 42  12       0.0653     -0.0100
 42  13      -0.0383      0.0389
 42  14      -0.1595      0.1763
 42  15       0.0272     -0.0298
 42  16      -0.0329      0.0362
 42  17       0.0293      0.1352
 42  18      -0.0200     -0.0101
 42  19       0.0274      0.1166
 42  20       0.0528      0.1022
 42  21      -0.0967      0.0069
 42  22       0.0397      0.0385
 42  23      -0.0388     -0.0548
 42  24       0.2011      0.0477
 42  25       0.0794     -0.0179
 42  26      -0.0760      0.1143
 42  27      -0.0547      0.0392
 42  28       0.0102      0.1113
 42  29       0.0484      0.0017
 42  30      -0.0667      0.0372
 42  31       0.0207      0.0262
 42  32       0.1080      0.0061
 42  33       0.0488      0.0245
 42  34       0.1058      0.0341
 42  35       0.1050     -0.0612
 42  36      -0.0534     -0.1201
 42  37       0.0301     -0.0136
 42  38      -0.0697      0.1251
 42  39       0.0655      0.0041
 42  40      -0.0169     -0.0029
 42  41      -0.0320     -0.0572
 42  42       0.0010     -0.1047
 43   0      -0.0006      0.0000
 43   1       0.0088     -0.0028
 43   2      -0.0440     -0.2297
 43   3      -0.0375     -0.1440
 43   4       0.0811     -0.0015
 43   5       0.1314      0.2260
 43   6       0.1454     -0.1792
 43   7      -0.0470      0.1439
 43   8      -0.0603      0.0542
 43   9      -0.0088      0.2330
 43  10       0.1389      0.0575
 43  11       0.0151     -0.0562
 43  12      -0.0017     -0.0804
 43  13       0.0873      0.0266
 43  14       0.0190      0.0489
 43  15       0.0801      0.0462
 43  16       0.0015     -0.0540
 43  17      -0.1099     -0.0105
 43  18      -0.0772      0.0317
 43  19       0.0293      0.0294
 43  20       0.1459     -0.0259
 43  21      -0.0430      0.0186
 43  22       0.1566      0.0084
 43  23      -0.0628     -0.1017
 43  24      -0.0079      0.0346
 43  25       0.2146     -0.0331
 43  26       0.0430      0.0383
 43  27       0.0128      0.0673
 43  28      -0.0511      0.0245
 43  29      -0.1320      0.0410
 43  30       0.0026     -0.0128
 43  31      -0.0400     -0.0092
 43  32       0.0161     -0.0340
 43  33      -0.0977     -0.0622
 43  34      -0.1061      0.0067
 43  35       0.0427      0.0709
 43  36       0.0134     -0.0613
 43  37       0.0363     -0.0552
 43  38      -0.0468     -0.0127
 43  39      -0.0903     -0.0122
 43  40       0.0464      0.0241
 43  41       0.0897      0.0555
 43  42       0.0057     -0.0559
 43  43      -0.0595      0.0317
 44   0       0.0770      0.0000
 44   1      -0.0433     -0.0756
 44   2       0.1120     -0.0057
 44   3      -0.0898     -0.0790
 44   4       0.0007      0.1833
 44   5       0.0410      0.0516
 44   6      -0.1241      0.0231
 44   7       0.0901      0.0644
 44   8      -0.0837     -0.0592
 44   9       0.0292     -0.0595
 44  10       0.1019     -0.0157
 44  11       0.0650      0.0004
 44  12       0.0894     -0.1649
 44  13       0.0367     -0.0044
 44  14      -0.1388      0.1275
 44  15      -0.0469     -0.0169
 44  16      -0.0066     -0.0649
 44  17       0.0315     -0.0733
 44  18       0.0313      0.0018
 44  19       0.0772     -0.0800
 44  20       0.0578     -0.1004
 44  21       0.0807      0.1254
 44  22       0.0127      0.0142
 44  23      -0.0174     -0.0442
 44  24      -0.0962      0.0264
 44  25       0.0821     -0.0127
 44  26      -0.0699      0.1537
 44  27       0.0652      0.0542
 44  28      -0.0935     -0.1250
 44  29      -0.1128      0.0148
 44  30       0.0328     -0.0785
 44  31       0.1326     -0.0110
 44  32       0.1250     -0.0040
 44  33      -0.1240     -0.0714
 44  34       0.0224      0.0699
 44  35       0.0942      0.0465
 44  36       0.0140     -0.0253
 44  37       0.0431     -0.0697
 44  38      -0.0299      0.0759
 44  39       0.0990      0.0528
 44  40       0.0018      0.0372
 44  41      -0.0191      0.0178
 44  42       0.0631     -0.0475
 44  43       0.0888      0.0649
 44  44       0.0210      0.0135
 45   0       0.0680      0.0000
 45   1      -0.1402     -0.0874
 45   2       0.2720      0.0527
 45   3      -0.1121     -0.2801
 45   4       0.0444      0.1073
 45   5      -0.0224     -0.0931
 45   6       0.0212     -0.0113
 45   7       0.0694     -0.0795
 45   8      -0.0060     -0.0654
 45   9       0.0255      0.0661
 45  10       0.0937     -0.0978
 45  11       0.0739      0.0006
 45  12       0.0459     -0.1287
 45  13       0.0996     -0.0360
 45  14      -0.1487     -0.1249
 45  15      -0.0479     -0.0090
 45  16      -0.0291     -0.0004
 45  17       0.0213     -0.0800
 45  18       0.0124     -0.0480
 45  19      -0.0307      0.0055
 45  20       0.0675     -0.0166
 45  21      -0.0546     -0.0209
 45  22      -0.0452      0.0200
 45  23       0.0035     -0.0958
 45  24      -0.1381     -0.0489
 45  25      -0.0138      0.0117
 45  26       0.0152      0.1714
 45  27      -0.0079      0.0833
 45  28       0.0538     -0.0921
 45  29      -0.0244     -0.0356
 45  30       0.0354      0.0158
 45  31      -0.0341     -0.0185
 45  32       0.0283      0.0598
 45  33       0.0532      0.0129
 45  34       0.0574     -0.0032
 45  35      -0.0732     -0.0389
 45  36      -0.0591      0.1123
 45  37       0.0764      0.0152
 45  38       0.1255     -0.0336
 45  39      -0.0416     -0.0634
 45  40      -0.0200     -0.0160
 45  41      -0.0100     -0.0487
 45  42      -0.0820      0.0972
 45  43       0.0832      0.0518
 45  44       0.0237      0.0410
 45  45       0.0635     -0.0091
 46   0       0.0091      0.0000
 46   1       0.0419     -0.0739
 46   2       0.1574      0.0069
 46   3       0.0182     -0.0716
 46   4       0.0727      0.0362
 46   5       0.1990      0.0257
 46   6       0.0284      0.0304
 46   7       0.0019      0.1678
 46   8      -0.0705      0.0922
 46   9       0.0694     -0.0151
 46  10      -0.0308     -0.2225
 46  11      -0.0324      0.0524
 46  12       0.0083     -0.1079
 46  13       0.0097     -0.0049
 46  14      -0.1099      0.0904
 46  15      -0.1399     -0.1203
 46  16      -0.2221      0.1008
 46  17       0.0847      0.0773
 46  18      -0.0097      0.0049
 46  19      -0.0358      0.0605
 46  20      -0.0252     -0.1629
 46  21      -0.1453     -0.0387
 46  22       0.0180      0.0465
 46  23       0.0265     -0.0059
 46  24      -0.0571     -0.0463
 46  25      -0.0733      0.0021
 46  26       0.0702      0.1311
 46  27      -0.0675      0.1538
 46  28       0.0669      0.0629
 46  29      -0.0223      0.0332
 46  30      -0.0598     -0.0099
 46  31      -0.0604     -0.0531
 46  32      -0.0456      0.0885
 46  33      -0.0769      0.0357
 46  34       0.0792      0.0300
 46  35       0.0252      0.0404
 46  36       0.0221     -0.0155
 46  37       0.0175      0.0378
 46  38      -0.0631      0.1501
 46  39       0.1081      0.1659
 46  40       0.0285     -0.0516
 46  41       0.0218     -0.0355
 46  42       0.0140     -0.0679
 46  43       0.0015     -0.0381
 46  44      -0.0368      0.0779
 46  45       0.0107      0.0456
 46  46       0.0859      0.0576
 47   0      -0.0659      0.0000
 47   1       0.0110     -0.1994
 47   2       0.0611     -0.0497
 47   3       0.0545      0.0699
 47   4       0.0665      0.0576
 47   5       0.0339      0.0142
 47   6      -0.0206     -0.1398
 47   7      -0.0745      0.0266
 47   8      -0.0302     -0.0645
 47   9       0.0866      0.0604
 47  10       0.0265     -0.1252
 47  11       0.0881     -0.1481
 47  12       0.0864     -0.1349
 47  13       0.0075      0.1336
 47  14      -0.1143      0.0303
 47  15      -0.1147     -0.1319
 47  16       0.0012     -0.0646
 47  17      -0.0747     -0.1380
 47  18      -0.1135      0.0665
 47  19      -0.0231      0.0433
 47  20       0.0915     -0.0571
 47  21      -0.0321     -0.0281
 47  22       0.0030      0.0478
 47  23      -0.0580      0.1361
 47  24      -0.0899     -0.0180
 47  25       0.0475      0.0636
 47  26       0.1874     -0.0467
 47  27      -0.0581      0.0436
 47  28       0.0124      0.0734
 47  29      -0.0773      0.0443
 47  30       0.1366      0.0689
 47  31       0.0722     -0.0824
 47  32      -0.0056     -0.0571
 47  33      -0.0481     -0.0356
 47  34       0.0544      0.1059
 47  35       0.0722      0.0137
 47  36      -0.0011     -0.0936
 47  37      -0.0306     -0.0625
 47  38      -0.0415      0.0527
 47  39      -0.0312     -0.0259
 47  40      -0.0101      0.0497
 47  41      -0.0794     -0.0612
 47  42       0.0120      0.0720
 47  43      -0.0487      0.0438
 47  44       0.1024      0.0659
 47  45       0.0380     -0.0040
 47  46       0.0238     -0.0038
 47  47       0.0362      0.0582
 48   0       0.2070      0.0000
 48   1      -0.0734      0.1325
 48   2       0.0962      0.0539
 48   3       0.0700      0.0035
 48   4      -0.0742      0.0707
 48   5       0.1127      0.0462
 48   6       0.0820      0.0389
 48   7       0.0732      0.1656
 48   8      -0.0337      0.0046
 48   9       0.0378      0.1384
 48  10       0.0706     -0.1075
 48  11      -0.0246      0.1199
 48  12       0.0545      0.0741
 48  13      -0.1090      0.0326
 48  14       0.0024     -0.0042
 48  15      -0.0191      0.0055
 48  16       0.0613      0.0937
 48  17       0.0189     -0.0487
 48  18       0.0467     -0.0255
 48  19      -0.1021      0.1067
 48  20      -0.0408      0.0254
 48  21       0.0329     -0.1411
 48  22       0.0829     -0.0375
 48  23       0.0183      0.0803
 48  24      -0.1565      0.0389
 48  25       0.0737     -0.0375
 48  26       0.2729     -0.0631
 48  27      -0.0304      0.0986
 48  28      -0.0251      0.0193
 48  29      -0.0762      0.0933
 48  30       0.0329      0.0607
 48  31       0.1825     -0.0666
 48  32      -0.0277     -0.0824
 48  33      -0.0560      0.0394
 48  34      -0.0087     -0.0237
 48  35      -0.0139      0.1506
 48  36      -0.0296      0.0775
 48  37       0.1263     -0.1360
 48  38       0.0293     -0.1630
 48  39      -0.1099      0.0450
 48  40      -0.0100      0.1077
 48  41       0.0061     -0.0028
 48  42       0.0623     -0.0193
 48  43       0.1183      0.0741
 48  44       0.0540     -0.0713
 48  45      -0.1047     -0.0955
 48  46      -0.0435      0.1039
 48  47       0.0203      0.0584
 48  48      -0.0279     -0.0260
 49   0      -0.0282      0.0000
 49   1       0.0702      0.0443
 49   2       0.0842     -0.0014
 49   3       0.0783      0.0012
 49   4       0.1411      0.0115
 49   5      -0.0063      0.0652
 49   6       0.0536      0.1261
 49   7       0.0407      0.0643
 49   8      -0.0898      0.0062
 49   9       0.0858      0.1845
 49  10      -0.0509     -0.0641
 49  11      -0.0326     -0.0485
 49  12       0.1154     -0.1249
 49  13      -0.1334      0.0505
 49  14       0.0493      0.0011
 49  15      -0.0651      0.0068
 49  16      -0.0449      0.0858
 49  17      -0.0355     -0.0528
 49  18      -0.0149     -0.0238
 49  19      -0.0077     -0.0287
 49  20      -0.1660     -0.1063
 49  21      -0.0046     -0.1156
 49  22       0.0931     -0.1291
 49  23       0.0860      0.0135
 49  24      -0.0670     -0.1378
 49  25      -0.0590      0.0681
 49  26       0.1659      0.0455
 49  27       0.0645     -0.0173
 49  28      -0.0571     -0.0527
 49  29       0.0492     -0.0097
 49  30      -0.1294      0.0741
 49  31      -0.0033      0.0264
 49  32       0.0735     -0.0481
 49  33      -0.0004     -0.0228
 49  34      -0.0589     -0.0539
 49  35      -0.0652      0.0499
 49  36       0.0943      0.0938
 49  37      -0.0421     -0.0645
 49  38       0.0666     -0.0645
 49  39       0.0103      0.0173
 49  40       0.0086      0.0319
 49  41      -0.0701     -0.0710
 49  42       0.0226      0.0031
 49  43       0.0694      0.0387
 49  44       0.0143      0.0333
 49  45       0.0111      0.0524
 49  46       0.0570      0.0194
 49  47      -0.0112      0.0439
 49  48       0.0549      0.0478
 49  49      -0.0754     -0.0017
 50   0       0.0827      0.0000
 50   1       0.0464     -0.0576
 50   2       0.1275      0.0391
 50   3       0.0109     -0.1549
 50   4       0.0280     -0.0161
 50   5       0.0459      0.0118
 50   6       0.1332      0.0912
 50   7      -0.0263      0.0901
 50   8      -0.0568      0.0042
 50   9       0.0093     -0.0189
 50  10       0.0711     -0.0137
 50  11      -0.1881      0.0229
 50  12       0.1103      0.1062
 50  13       0.0216      0.0081
 50  14      -0.1224     -0.0889
 50  15      -0.0082      0.0168
 50  16      -0.1367      0.0489
 50  17       0.0061      0.0982
 50  18       0.0456     -0.2023
 50  19       0.1144     -0.0337
 50  20      -0.0005     -0.0104
 50  21       0.0315     -0.0955
 50  22       0.0841     -0.0589
 50  23       0.0399      0.0276
 50  24      -0.1327     -0.0543
 50  25      -0.1134     -0.0164
 50  26       0.0592     -0.0814
 50  27       0.0628     -0.0933
 50  28       0.1115      0.1231
 50  29      -0.0304      0.0372
 50  30      -0.1103     -0.0011
 50  31      -0.0130      0.0255
 50  32       0.0125     -0.1072
 50  33      -0.0802      0.0628
 50  34      -0.0816      0.0032
 50  35       0.0366     -0.0068
 50  36      -0.0822      0.1127
 50  37       0.0408      0.0382
 50  38      -0.0231     -0.0563
 50  39       0.0642      0.0623
 50  40       0.0892     -0.0332
 50  41      -0.0860      0.0028
 50  42       0.0207     -0.0818
 50  43       0.0012      0.1345
 50  44       0.0144      0.0312
 50  45       0.0055      0.0038
 50  46       0.0512      0.0002
 50  47      -0.0044     -0.0582
 50  48      -0.0212     -0.0448
 50  49       0.0429      0.0132
 50  50      -0.0428     -0.0718
 51   0       0.1647      0.0000
 51   1       0.1214     -0.1074
 51   2       0.0970      0.1133
 51   3      -0.0764     -0.0249
 51   4       0.0972     -0.1279
 51   5       0.0541     -0.1253
 51   6       0.0640      0.0235
 51   7       0.0566     -0.0190
 51   8       0.0182      0.0129
 51   9      -0.0369     -0.1240
 51  10      -0.0619     -0.1808
 51  11      -0.0502     -0.1124
 51  12      -0.0106     -0.0939
 51  13      -0.0771      0.0898
 51  14      -0.1181     -0.0296
 51  15       0.2406     -0.1000
 51  16      -0.0139     -0.0575
 51  17      -0.0462      0.1276
 51  18      -0.0168      0.0236
 51  19       0.1065      0.0130
 51  20       0.0712      0.0286
 51  21       0.0551      0.0736
 51  22      -0.0273     -0.0483
 51  23      -0.0435      0.0894
 51  24      -0.0322     -0.0155
 51  25      -0.1425     -0.0170
 51  26      -0.1004     -0.0435
 51  27       0.0021     -0.0128
 51  28       0.0367      0.0386
 51  29       0.0109      0.1049
 51  30      -0.0385      0.0437
 51  31      -0.0415      0.0138
 51  32      -0.1129     -0.0524
 51  33      -0.0864      0.0063
 51  34      -0.1063      0.1105
 51  35       0.0555     -0.0462
 51  36      -0.0010      0.0465
 51  37       0.0334      0.0418
 51  38      -0.0322     -0.0774
 51  39      -0.0243      0.0849
 51  40       0.0485      0.1213
 51  41       0.0085     -0.0631
 51  42      -0.1635     -0.0440
 51  43      -0.0089      0.0486
 51  44       0.0456      0.0491
 51  45       0.0349     -0.0313
 51  46       0.0132     -0.0364
 51  47      -0.0174      0.0436
 51  48       0.0477     -0.0198
 51  49      -0.0279      0.0099
 51  50       0.0151      0.0559
 51  51      -0.0025      0.0070
 52   0       0.0169      0.0000
 52   1      -0.1097     -0.0524
 52   2      -0.0353     -0.0773
 52   3      -0.0303     -0.1149
 52   4       0.0772      0.0074
 52   5       0.0532     -0.0733
 52   6       0.0512      0.0257
 52   7      -0.0206     -0.0634
 52   8      -0.0953      0.0373
 52   9      -0.0276     -0.0445
 52  10       0.0288     -0.1975
 52  11       0.0034     -0.0021
 52  12      -0.0403     -0.0711
 52  13       0.1030      0.0179
 52  14       0.0021     -0.0699
 52  15       0.0294      0.0521
 52  16       0.1071      0.1538
 52  17      -0.0489      0.1863
 52  18      -0.0747      0.0107
 52  19       0.0209     -0.0268
 52  20       0.1545      0.0542
 52  21      -0.0117     -0.0562
 52  22      -0.1413      0.1039
 52  23       0.0166     -0.0306
 52  24       0.0236     -0.0357
 52  25      -0.0641      0.1128
 52  26      -0.0439      0.0495
 52  27       0.0725      0.0015
 52  28       0.0048      0.0161
 52  29      -0.0339      0.0954
 52  30      -0.0583      0.0836
 52  31      -0.0730     -0.0004
 52  32       0.0002     -0.0286
 52  33      -0.0364     -0.1121
 52  34      -0.0597     -0.0386
 52  35       0.1330      0.0025
 52  36       0.0612      0.0509
 52  37       0.0143     -0.0646
 52  38      -0.0712     -0.0191
 52  39      -0.0789      0.0239
 52  40       0.1053      0.0662
 52  41       0.0991     -0.1577
 52  42       0.0284      0.0132
 52  43       0.0194      0.0154
 52  44      -0.0687      0.0767
 52  45       0.0041      0.0685
 52  46       0.0086      0.0547
 52  47       0.1134     -0.0218
 52  48      -0.0186     -0.0775
 52  49       0.0529     -0.0631
 52  50      -0.0774     -0.0640
 52  51      -0.0225     -0.0697
 52  52      -0.0294     -0.0064
 53   0       0.0962      0.0000
 53   1      -0.0321      0.0639
 53   2       0.0904      0.0332
 53   3      -0.0265      0.0334
 53   4      -0.0496     -0.0170
 53   5       0.0678      0.0493
 53   6      -0.0041     -0.0613
 53   7       0.0556     -0.1425
 53   8       0.0378     -0.0801
 53   9      -0.0441     -0.1196
 53  10      -0.0754     -0.1302
 53  11       0.1165     -0.0792
 53  12      -0.0356     -0.0302
 53  13       0.1137      0.1790
 53  14      -0.0585     -0.0412
 53  15      -0.0666     -0.0205
 53  16       0.0584     -0.1052
 53  17      -0.1911     -0.0170
 53  18       0.0076     -0.0701
 53  19      -0.0706     -0.0846
 53  20       0.0888      0.0052
 53  21       0.0187      0.0970
 53  22      -0.0301     -0.0374
 53  23       0.0379     -0.0046
 53  24       0.0087      0.1107
 53  25       0.0011      0.1822
 53  26      -0.0664     -0.0774
 53  27       0.0721     -0.0481
 53  28       0.0535      0.0707
 53  29       0.0758      0.0722
 53  30      -0.0244     -0.0381
 53  31      -0.1998     -0.0042
 53  32      -0.0012     -0.0069
 53  33       0.0737     -0.0813
 53  34      -0.0227     -0.0468
 53  35      -0.0030     -0.0140
 53  36       0.0949      0.0836
 53  37       0.0447      0.0380
 53  38      -0.0042     -0.0173
 53  39      -0.0481     -0.0086
 53  40       0.0337      0.0225
 53  41       0.0215     -0.0771
 53  42       0.0002      0.0139
 53  43       0.0534      0.1165
 53  44       0.0599     -0.1138
 53  45      -0.0845     -0.0539
 53  46      -0.0246      0.0252
 53  47      -0.0022      0.0071
 53  48       0.1088      0.0289
 53  49       0.0139     -0.0693
 53  50      -0.0087     -0.0695
 53  51      -0.0455     -0.0373
 53  52      -0.0283     -0.0188
 53  53      -0.0989      0.0484
 54   0      -0.0801      0.0000
 54   1      -0.0511     -0.0714
 54   2      -0.1395      0.0368
 54   3       0.0128      0.1094
 54   4      -0.0846      0.0565
 54   5       0.0178      0.0998
 54   6       0.0047      0.1592
 54   7       0.1048      0.0179
 54   8       0.0747      0.0061
 54   9      -0.0300      0.0194
 54  10       0.1262      0.0171
 54  11       0.0247      0.0302
 54  12      -0.0672      0.1219
 54  13       0.0944     -0.1291
 54  14       0.0023      0.0263
 54  15      -0.0845     -0.1050
 54  16       0.0427     -0.1031
 54  17       0.0806      0.0097
 54  18       0.0463     -0.1059
 54  19       0.0058     -0.0328
 54  20      -0.0213      0.0047
 54  21       0.0543      0.1709
 54  22      -0.1243      0.0979
 54  23      -0.0474     -0.0367
 54  24       0.0955     -0.1014
 54  25      -0.0940      0.2274
 54  26      -0.0752     -0.0203
 54  27       0.0190     -0.0980
 54  28       0.1982      0.0700
 54  29       0.0622     -0.0472
 54  30       0.0892      0.0105
 54  31      -0.0748     -0.0231
 54  32      -0.0337      0.0294
 54  33       0.0058     -0.0744
 54  34      -0.0027     -0.0879
 54  35       0.0994      0.0322
 54  36      -0.0551     -0.0732
 54  37      -0.0664      0.0734
 54  38       0.1108      0.0810
 54  39       0.0140     -0.0481
 54  40       0.0411     -0.0803
 54  41      -0.0397     -0.0031
 54  42      -0.0607     -0.0503
 54  43      -0.0406      0.0817
 54  44       0.0623     -0.0034
 54  45      -0.0293     -0.0922
 54  46      -0.0164      0.0294
 54  47       0.0480      0.0292
 54  48       0.0026      0.0489
 54  49       0.0680     -0.0018
 54  50      -0.0168     -0.0164
 54  51      -0.0354     -0.0451
 54  52      -0.0220     -0.0207
 54  53      -0.0496     -0.0325
 54  54      -0.0053      0.0510
 55   0       0.2439      0.0000
 55   1      -0.1255     -0.0439
 55   2      -0.0497     -0.0331
 55   3       0.1237      0.2314
 55   4      -0.1883      0.0898
 55   5      -0.0187      0.1599
 55   6       0.0478      0.0638
 55   7      -0.0284      0.0622
 55   8      -0.1228      0.0311
 55   9      -0.1064     -0.0339
 55  10      -0.0245      0.0737
 55  11       0.0119      0.0473
 55  12       0.0100      0.0830
 55  13       0.0373      0.0757
 55  14       0.1605      0.0393
 55  15      -0.1198     -0.1890
 55  16       0.0195     -0.0164
 55  17      -0.0954      0.0377
 55  18      -0.1081     -0.0364
 55  19      -0.1740     -0.1185
 55  20      -0.1007      0.0708
 55  21      -0.0307      0.1630
 55  22      -0.1377      0.1215
 55  23       0.0754      0.0028
 55  24       0.1112     -0.0769
 55  25      -0.0110      0.0977
 55  26      -0.1834     -0.0299
 55  27       0.0230     -0.0692
 55  28       0.2028     -0.0179
 55  29      -0.0619     -0.0407
 55  30       0.1286     -0.0169
 55  31      -0.0342     -0.0297
 55  32      -0.0206     -0.0093
 55  33       0.0463     -0.1307
 55  34      -0.0344     -0.0654
 55  35       0.1014      0.0053
 55  36      -0.0362      0.0345
 55  37      -0.0195      0.0747
 55  38       0.0020      0.0667
 55  39       0.0213     -0.0362
 55  40       0.0450     -0.0002
 55  41       0.0749     -0.0487
 55  42      -0.1520     -0.0172
 55  43      -0.0338     -0.0419
 55  44      -0.0357      0.0239
 55  45       0.1205     -0.0642
 55  46      -0.0604     -0.1273
 55  47       0.0003     -0.0021
 55  48       0.0301      0.0818
 55  49      -0.0074      0.0179
 55  50       0.0372     -0.0266
 55  51      -0.0124     -0.0762
 55  52       0.0684     -0.0757
 55  53      -0.0634     -0.0188
 55  54      -0.0447     -0.0420
 55  55      -0.0496     -0.0881
 56   0      -0.1018      0.0000
 56   1      -0.0556     -0.1057
 56   2      -0.1729     -0.2087
 56   3       0.0242      0.0744
 56   4      -0.1328      0.1724
 56   5       0.0214     -0.0595
 56   6       0.1437      0.0111
 56   7       0.0362      0.0435
 56   8      -0.1412      0.0408
 56   9       0.0960     -0.0584
 56  10       0.1773     -0.0019
 56  11       0.1017     -0.0130
 56  12      -0.1861      0.1158
 56  13      -0.0460      0.0810
 56  14       0.0355      0.0308
 56  15      -0.0455      0.0114
 56  16      -0.0019     -0.0199
 56  17      -0.1202     -0.0316
 56  18      -0.0571      0.0673
 56  19      -0.0325     -0.0594
 56  20      -0.0631     -0.0993
 56  21       0.0196     -0.1254
 56  22      -0.0275      0.1704
 56  23       0.0039      0.0058
 56  24       0.0850     -0.0679
 56  25       0.0840      0.1158
 56  26      -0.0386      0.0323
 56  27      -0.0001     -0.0946
 56  28       0.0621     -0.0525
 56  29       0.0300      0.0707
 56  30       0.0871      0.0245
 56  31       0.0691      0.0443
 56  32      -0.1617     -0.0675
 56  33       0.0270      0.0055
 56  34       0.1084     -0.0464
 56  35       0.0406      0.0945
 56  36       0.0660      0.1109
 56  37       0.0741      0.0406
 56  38      -0.0116      0.0480
 56  39      -0.1496      0.0398
 56  40      -0.0397      0.0380
 56  41       0.0469     -0.0034
 56  42      -0.0355     -0.1254
 56  43      -0.0951     -0.0470
 56  44       0.0695     -0.0535
 56  45       0.0153     -0.0398
 56  46      -0.0307      0.1262
 56  47       0.1652      0.0894
 56  48       0.0720     -0.0732
 56  49      -0.0662      0.0760
 56  50       0.0327     -0.0342
 56  51      -0.0302      0.0201
 56  52      -0.0741     -0.0255
 56  53       0.0468      0.0212
 56  54       0.0711     -0.0815
 56  55      -0.0062     -0.0533
 56  56      -0.0442     -0.1012
 57   0       0.0951      0.0000
 57   1       0.0410     -0.0656
 57   2       0.1374     -0.1070
 57   3       0.0058     -0.0776
 57   4      -0.1618     -0.0493
 57   5       0.0256      0.1273
 57   6       0.1682     -0.0758
 57   7       0.0736     -0.1737
 57   8      -0.1045      0.1235
 57   9      -0.0616      0.0749
 57  10      -0.1399      0.1355
 57  11       0.0431     -0.0031
 57  12       0.0004      0.1244
 57  13      -0.0715     -0.0813
 57  14      -0.1307      0.1087
 57  15      -0.0367     -0.0750
 57  16      -0.0540     -0.1382
 57  17       0.1357     -0.1371
 57  18      -0.0003      0.0886
 57  19      -0.1718      0.0960
 57  20       0.0404      0.0165
 57  21       0.1133      0.0539
 57  22      -0.0566      0.1448
 57  23      -0.0169     -0.0063
 57  24       0.0547     -0.1143
 57  25       0.0160      0.0842
 57  26      -0.0734      0.1253
 57  27       0.0081     -0.0627
 57  28       0.0604     -0.0623
 57  29       0.0161     -0.0583
 57  30      -0.0768      0.0937
 57  31      -0.0099      0.1061
 57  32      -0.0400     -0.0272
 57  33       0.0064     -0.0544
 57  34      -0.0038     -0.0840
 57  35      -0.0179      0.0645
 57  36       0.1486      0.0575
 57  37       0.0078     -0.0355
 57  38      -0.0590      0.0621
 57  39       0.0796     -0.0865
 57  40      -0.0658     -0.0444
 57  41       0.0160      0.0533
 57  42      -0.0075      0.0078
 57  43       0.0153      0.0292
 57  44       0.0283     -0.0371
 57  45      -0.0266     -0.0466
 57  46       0.0156      0.0925
 57  47      -0.0331      0.0781
 57  48       0.0169      0.0871
 57  49       0.0495     -0.0874
 57  50      -0.0671     -0.0224
 57  51       0.0128     -0.0407
 57  52      -0.0036      0.0694
 57  53      -0.0312     -0.0898
 57  54      -0.0396     -0.0150
 57  55      -0.0612     -0.0318
 57  56       0.0488      0.0171
 57  57      -0.0556     -0.1031
 58   0      -0.1343      0.0000
 58   1      -0.0732     -0.0128
 58   2      -0.0982     -0.1019
 58   3       0.0409      0.0689
 58   4      -0.1129      0.0377
 58   5      -0.0173     -0.0648
 58   6       0.0500     -0.0115
 58   7       0.0968     -0.0628
 58   8       0.0033     -0.0311
 58   9       0.0988     -0.0938
 58  10      -0.1106     -0.0966
 58  11      -0.0788     -0.0845
 58  12      -0.0002     -0.0620
 58  13      -0.1058     -0.0661
 58  14      -0.1075      0.0919
 58  15       0.0555     -0.0278
 58  16      -0.0124      0.0038
 58  17       0.1667     -0.0490
 58  18       0.0850      0.0999
 58  19       0.0269      0.0111
 58  20      -0.0876     -0.1180
 58  21      -0.1217     -0.0467
 58  22       0.0635      0.0518
 58  23       0.0245     -0.0688
 58  24      -0.0294     -0.1042
 58  25      -0.0376     -0.0230
 58  26      -0.1507      0.0215
 58  27       0.0108     -0.0505
 58  28       0.0855     -0.0178
 58  29      -0.0001     -0.1144
 58  30       0.0112      0.0190
 58  31       0.1019      0.1954
 58  32      -0.0194     -0.0681
 58  33      -0.0555     -0.0014
 58  34       0.0786     -0.0269
 58  35       0.0333     -0.0248
 58  36       0.0576      0.1387
 58  37       0.1297      0.0795
 58  38      -0.0060     -0.0206
 58  39       0.0135     -0.0577
 58  40      -0.0853     -0.0726
 58  41      -0.0279     -0.0345
 58  42       0.0098     -0.0698
 58  43       0.0133      0.1086
 58  44       0.1658      0.0106
 58  45       0.0281      0.0267
 58  46      -0.0131     -0.0147
 58  47       0.0253      0.0356
 58  48       0.0527      0.0224
 58  49       0.0594     -0.0587
 58  50      -0.0285     -0.0476
 58  51      -0.0618     -0.0171
 58  52       0.0184     -0.0587
 58  53      -0.0380     -0.0287
 58  54       0.0274     -0.0005
 58  55       0.0791      0.0116
 58  56      -0.1095     -0.0701
 58  57       0.0820     -0.0533
 58  58       0.0866     -0.1549
 59   0       0.0536      0.0000
 59   1      -0.0834      0.0094
 59   2      -0.0232     -0.0802
 59   3      -0.0421     -0.0521
 59   4      -0.0215     -0.0609
 59   5       0.1279      0.0812
 59   6       0.0368     -0.0684
 59   7      -0.0465     -0.1133
 59   8      -0.0661     -0.0372
 59   9       0.0681      0.0350
 59  10      -0.0377     -0.0183
 59  11       0.0596     -0.1178
 59  12      -0.0460      0.0714
 59  13       0.0272      0.0137
 59  14       0.0268      0.0017
 59  15      -0.0003     -0.0179
 59  16      -0.1430      0.0233
 59  17       0.1037      0.0291
 59  18       0.1090      0.0262
 59  19      -0.1245     -0.0739
 59  20      -0.0678     -0.1902
 59  21       0.0652     -0.0346
 59  22       0.0734     -0.0606
 59  23      -0.0271     -0.0531
 59  24       0.0024     -0.0852
 59  25       0.0254     -0.1355
 59  26      -0.0902      0.1179
 59  27      -0.0282      0.1189
 59  28       0.0643     -0.0354
 59  29       0.0084     -0.0317
 59  30       0.1310      0.0967
 59  31       0.0084      0.1020
 59  32      -0.0941      0.0814
 59  33       0.0361      0.0803
 59  34       0.1274     -0.1022
 59  35      -0.0194     -0.0596
 59  36       0.0354      0.1238
 59  37       0.0780      0.1001
 59  38      -0.1050      0.0888
 59  39       0.0206     -0.0015
 59  40      -0.0197     -0.0212
 59  41      -0.0465     -0.0351
 59  42       0.1000     -0.0206
 59  43       0.0566      0.0357
 59  44      -0.0495      0.1199
 59  45       0.0133      0.0922
 59  46       0.0093     -0.0181
 59  47       0.0338      0.0077
 59  48       0.0097     -0.0110
 59  49      -0.0811      0.0412
 59  50      -0.0277      0.0492
 59  51      -0.0185     -0.0382
 59  52      -0.0211     -0.0013
 59  53      -0.0230      0.0410
 59  54       0.0440      0.0131
 59  55      -0.0860     -0.0252
 59  56      -0.0572      0.0232
 59  57      -0.0082     -0.1138
 59  58      -0.0088     -0.0382
 59  59      -0.1198     -0.1153
 60   0      -0.0898      0.0000
 60   1      -0.0075      0.1156
 60   2      -0.0802     -0.0880
 60   3      -0.0530      0.0792
 60   4       0.0697      0.1266
 60   5       0.1385      0.1539
 60   6      -0.1003     -0.0146
 60   7       0.0195      0.0663
 60   8       0.0326     -0.0458
 60   9       0.0823      0.0536
 60  10       0.1114     -0.0219
 60  11      -0.0822     -0.0071
 60  12      -0.1423     -0.0758
 60  13      -0.1457      0.0021
 60  14      -0.0299      0.0329
 60  15       0.0339      0.0699
 60  16      -0.0030     -0.0490
 60  17       0.0108     -0.0032
 60  18       0.1476      0.0658
 60  19       0.0177     -0.0718
 60  20       0.0869     -0.0854
 60  21      -0.0040     -0.2223
 60  22      -0.0360      0.0277
 60  23      -0.0363      0.0231
 60  24      -0.0781      0.0518
 60  25       0.0725      0.0273
 60  26      -0.0786      0.1300
 60  27      -0.0901      0.0400
 60  28      -0.1570     -0.0231
 60  29       0.0358      0.1515
 60  30       0.2068     -0.0253
 60  31       0.0200      0.1778
 60  32       0.0585      0.0104
 60  33      -0.0389     -0.0251
 60  34      -0.0443     -0.0239
 60  35       0.0799     -0.0238
 60  36       0.0685      0.0755
 60  37       0.0145     -0.0153
 60  38      -0.1337      0.0533
 60  39       0.0023     -0.0231
 60  40       0.0085     -0.0624
 60  41      -0.0679      0.0227
 60  42       0.0325     -0.0285
 60  43      -0.0297     -0.0524
 60  44      -0.0822      0.0309
 60  45      -0.0184      0.0281
 60  46      -0.0425     -0.0347
 60  47       0.0355     -0.1017
 60  48      -0.0549     -0.0956
 60  49      -0.0824     -0.0328
 60  50       0.0105     -0.0003
 60  51      -0.0151     -0.0276
 60  52       0.1043     -0.0377
 60  53       0.0306     -0.0544
 60  54      -0.0294     -0.0342
 60  55       0.0119      0.0166
 60  56      -0.1153     -0.0103
 60  57       0.0413     -0.0141
 60  58       0.0854     -0.0532
 60  59       0.0918     -0.0282
 60  60      -0.0209      0.0187
